      45       54      4.512
      43       54      6.496
      13       34      9.807
      46       53      5.290
      41       56      7.498
      55       68      6.563
      43       56      4.668
      34       77     14.959
      13       77     19.209
      52       77      9.755
       4       15      6.619
      47       54      8.985
       8       33      4.793
      55       70      6.954
      33       73      5.443
      34       40     16.875
      17       22     11.116
      46       52      4.957
       4       38      7.922
      58       68      9.674
      21       80      5.364
      34       62      5.505
       7       17     12.012
      31       41     20.797
      73       78     14.020
       4       17      4.188
      55       62     12.249
      62       68      6.849
      54       65     12.476
      42       57      5.335
      53       59     19.938
      13       40     23.289
      67       80     18.836
       5       18      8.055
      46       55      8.554
      30       41     22.627
      41       58      4.820
      52       60     23.066
      42       58      6.436
      65       70      5.114
      41       59      7.151
      19       29     15.199
      42       68     11.288
      70       78     13.683
       4        9     12.602
      55       65     10.228
      54       80     12.895
       8       14      7.584
      44       58     10.831
      35       41     12.992
      36       61      4.591
       6       13      6.296
       7       14      5.524
      15       22     14.933
      42       80      4.661
       2       17      6.846
      74       80     17.744
      59       80     11.978
      35       44     10.717
       9       19     21.288
      12       31     11.908
      31       39     21.525
      33       76     12.337
      47       53      7.726
       9       14     10.708
      70       76     12.524
      39       59      5.592
      22       27     10.884
      12       38     16.562
      35       68      8.986
       5       32      6.099
      22       38     16.772
      28       33     14.063
      63       80     20.188
      64       70      8.850
      44       49     10.544
      20       27     15.453
       2       77     14.363
       5       16      5.353
      26       41     20.671
      16       21     13.432
      72       77     14.199
      54       70      8.373
      58       80     10.245
      48       76      4.856
      47       59     22.095
       4       39     10.242
      31       38     19.678
      29       47     13.101
      54       71      9.426
      51       76      8.883
      42       48     14.933
       9       15     11.061
      21       48     11.345
      53       80     16.306
      41       47     18.770
      17       23     14.356
      50       77      5.697
      44       59     13.302
       7       33      5.296
      28       41     20.538
      62       77     17.245
      12       22     21.897
       4       24     14.683
      53       66     13.416
      39       80      9.665
      62       69     10.109
      43       58      9.019
      64       76     16.357
      55       72     11.384
      51       80     14.980
       4       30     13.485
      65       80     18.749
      45       70      9.602
      26       31      7.935
      16       28      6.265
       9       22     22.036
       9       33      4.759
      53       71      7.484
      19       47     18.513
      13       52     24.541
      54       64     16.064
      33       66      9.035
      44       55      5.103
      33       68     10.244
       7       21     19.233
      44       75      6.486
      16       29      6.769
      26       33     13.808
      65       71      7.732
      66       71      7.769
      53       65     12.724
      68       80     15.767
      57       69      9.788
      69       78     15.485
      33       70      9.355
      28       34     14.610
      25       78      7.793
      33       72      8.330
      21       27     14.529
      36       59      7.449
      64       78     17.563
      19       33     18.907
      65       72      6.909
      32       41     17.896
      15       26     11.439
      42       59      8.987
      22       35     15.515
      59       71     20.085
      26       39     21.747
      42       56      5.854
      15       27     11.440
       8       29     10.449
      68       73     10.778
      22       28     10.635
      16       23     14.262
      32       54     13.819
      46       65     11.719
      34       52     18.529
      71       76     12.978
      33       38     16.663
      36       41     11.876
