      11       24     20.891
      41       80      6.050
      46       74      5.196
      17       26     12.864
      33       65      5.404
      50       60     21.991
      15       31      9.481
      11       17     12.055
      54       59     16.719
      44       65     11.612
      35       57      9.361
      74       79     15.105
      15       38     14.169
      44       78      4.340
      18       31     14.798
      47       71     11.896
       9       41     21.363
      67       74     14.051
      63       71     14.727
      16       26     10.336
      65       75      9.898
       7       19     17.783
      19       38      9.996
      10       15     11.499
      38       54     19.330
      48       54     11.173
      64       71     11.260
      41       51     17.815
