       2       17      6.846
       2       19      4.716
       2       20      7.769
       2       38      5.290
       2       39      5.059
       7       30      6.739
       8       64      8.312
       8       73      9.082
      17       38      9.949
      19       39      9.059
      30       74      8.006
      38       61      8.420
      46       73      8.280
      46       74      5.196
      94      120      7.487
      96      120     10.852
      96      123      4.642
      97      150      9.242
      97      156     11.124
     104      128     11.759
     108      114     12.957
     111      138      6.148
     120      135      8.850
     120      163      4.312
     128      150     11.267
     135      163      5.323
     138      163     13.105
     150      156      8.408
