       3      154      8.180
       3      190      7.726
       5      185     10.374
       5      215     10.198
       5      217     10.029
       9      154      7.556
      20      202     11.871
      20      203      9.035
      20      259     11.204
      20      262      7.540
      29       68      7.956
      29      101      9.558
      30       64     10.090
      30       68      5.999
      30      194     13.130
      31       64      9.366
      31       68      5.419
      47      118     12.837
      49      106     11.792
      49      118      7.402
      49      263     11.390
      68      101      7.240
      78       93      6.548
      78       95      8.956
      93      154      7.995
     106      118      6.526
     106      242      8.207
     112      233      5.848
     118      246     13.231
     135      200      8.153
     135      202      9.443
     165      224     11.152
     190      215      6.641
     190      225      9.677
     202      259      8.803
     203      259      8.051
     214      225      6.212
     245      252      8.580
