     177      188     17.056
     112      117     15.474
      93       99     16.642
     128      150     22.064
     193      201     19.653
      56      179     17.887
     113      118     16.896
     203      209     15.813
     135      196     15.697
      78      101     24.209
     126      151     25.936
      66       73     17.210
      67       75     21.453
     201      206     10.367
     201      207     13.333
     199      205      4.389
     200      207      9.637
      93      133     29.666
     136      191     25.957
      85       93     16.391
      58      207     14.837
     173      179     11.167
     136      141     12.165
     202      208     16.092
      51       60     13.444
      37       54      6.527
     195      208      5.005
     196      210      8.642
      66       74     20.840
      65      111     19.752
     135      179     16.231
      58      179     19.604
      69       75     15.983
     211      217     15.928
     175      180     13.410
     105      115      7.475
     117      129     16.123
     151      200     23.497
