      36       58      6.511
     157      179     17.027
     129      200     19.582
     190      216      8.897
      57      194      8.231
      38       52      6.197
      57       93     28.589
     135      193     20.982
      28       34      5.795
      51       96     20.897
      40      105     14.028
      59       95     25.265
     139      218     26.930
     150      181     16.908
      54       59      9.633
      81       98     22.381
      39      205      9.489
      51       98     17.833
      36       41     16.659
     147      187     10.285
      40       52      4.551
     195      207      8.734
     189      209      8.746
     205      210     14.212
      64      105      9.501
     131      209     17.835
     115      204     17.588
      53      205      9.839
     195      200     16.080
      91      176     35.512
     193      198     10.978
      53       58     11.219
      44       98     27.288
     200      206      6.565
     194      212      9.940
     177      211     10.365
      93      194     21.894
     192      197     12.476
      76      111     31.167
      37       57     11.560
     194      210      5.774
     194      209      4.913
     194      199     14.534
     129      198     17.666
      66       75     20.747
     179      190     15.357
     188      217      9.661
     179      216     17.215
      37       55      8.245
     178      198      9.217
      40       64     20.821
     131      147     13.575
      80       97     20.344
      93      210     27.302
     131      189     22.007
     205      211     16.560
     206      211     15.021
      39      114     11.862
     193      199     14.273
     195      201     18.997
      40       99     14.214
      82       98     25.805
     158      171     20.206
     132      199      9.122
      56       61      6.340
     196      201     15.971
     114      205     12.573
      44      102     24.003
     207      212     14.045
      91      174     38.673
      79      100     24.738
     188      212     10.051
      55       93     26.547
      52       58     13.123
     197      202     13.357
     150      182     14.688
     107      113     10.867
     185      190     14.989
     180      188      9.897
     177      182     15.678
     133      195     16.364
     180      198      8.896
     193      210      8.893
      55       61      8.874
      55       60      8.221
     129      151     22.135
     129      134     16.205
     194      200     17.818
     192      198     14.687
     129      206     19.405
      54      195      4.015
      54       60      8.434
     195      202     19.818
      30       35      6.036
      54       61      9.444
     131      149     17.523
     133      193     19.923
     189      212      8.558
     198      203      8.748
     196      202     16.905
      78      105     32.844
      67       74     21.444
      41       53      7.050
      40      107     14.642
      78      100     21.290
      54       95     21.806
     193      200     17.635
      52       57     14.897
     130      135     16.468
     196      209      5.286
      37      135     19.871
      38       43     16.030
     197      203     10.255
      43      102     20.571
     206      212     16.718
     202      207     13.878
      36       42     20.388
      37       42     17.186
      81      100     27.907
      56       85     33.625
     205      212     18.639
     135      190     24.679
     203      208     13.518
     114      199     15.266
      35       40     16.979
      53       59     12.512
      51       59     16.601
     107      115      5.748
      51       56     14.603
      64      111     21.625
      39      208      9.103
      92      176     34.979
     195      203     16.714
     160      173     21.289
     179      207     10.477
     154      173     34.195
     124      129      8.056
      84       92     14.715
     107      112     11.943
      59       97     23.872
      55      208      6.407
      78      102     27.306
      95      115     26.308
     192      199     18.007
      35       41     19.912
      57      192     11.176
     186      191     16.953
     105      111     16.922
     176      181     16.607
     194      201     20.445
      51       57     17.789
     197      206      7.359
      53       60     10.461
     135      146     14.981
     134      157     18.049
      38       54      4.415
      55      192     10.609
      93      135     34.020
     111      116     13.905
     176      182     19.459
      76      105     26.839
     196      203     13.660
     198      207      5.591
     194      202     21.856
      66       77     27.505
      93       98     14.349
     139      215     26.543
     131      136     16.035
     183      220      9.376
     130      140     24.864
      39       53      5.435
     197      205      6.149
      53       61     10.733
     126      133     21.510
     160      174     20.982
     192      200     21.423
      85       90      9.277
     188      193      9.528
     207      216     22.011
     181      186     10.211
     214      221      8.764
     117      206     17.145
     157      190     12.064
      44       55     21.953
     210      216     17.550
     128      133     16.414
     179      189     12.841
      91      177     32.247
     110      115      8.541
      68       74     19.962
      37      134     17.208
      52       59     13.941
      51       58     16.330
     182      217     11.757
