     150      162      6.197
      19       32      8.522
      81      193      7.176
      56      117      5.818
      10       81      8.677
      44       53      8.730
      41       60      6.069
     199      204      8.320
     111      118      6.651
      15       54      9.223
      16       34     10.978
      79      223      7.085
      90      179      4.749
      43       48      5.380
     116      165     11.363
       6       33      4.560
      54       78      8.133
     109      159      5.855
      81      118      8.585
      81      116     12.776
     116      168     14.895
      13      148      9.900
      84      180      6.572
      40       53      8.245
      19      210      9.311
      37       55      5.413
      65       75      7.708
      10      193     10.226
     144      153      8.342
      86      178      7.271
     195      211      8.433
     118      165      6.974
     195      214     10.024
      10      165      6.007
     123      132      7.065
      56      165     10.258
     147      168      9.154
      55       60      6.839
     154      162      5.501
     183      188      7.937
      61      196      6.129
      17      225     10.588
      81      168     10.808
     116      147      6.761
       8       56      5.631
     165      228      9.241
       8      117      9.071
     214      219      5.238
     116      121      8.844
     148      153      8.718
     111      116      5.930
     183      190     11.060
       7       34      4.690
     155      175     15.068
     110      122      6.540
     165      193     12.176
      22      213      7.975
     193      228      9.797
      87      161      4.779
      44       64      8.365
     124      189      7.624
       6       50      6.562
     147      165      7.224
     117      165     10.288
      22       28      6.861
      54      195      4.360
      81      165      6.842
      14       19      8.560
      38       56      9.282
     111      117      8.062
     189      194     14.730
     116      193     11.796
      62       75      7.759
      12       34      6.746
      61      194      6.335
      70      196      6.085
     166      182      8.923
     168      193     15.465
      45       67      8.807
      81      121     10.174
      41       63      8.808
      19       29      7.171
      53       60      9.640
      41       64      7.659
     147      164      5.972
      86      169      8.581
     118      147      6.165
      84      169      9.078
      28      206      8.877
      54      214     10.994
      37       56      6.072
      21      213     10.416
      10      228     10.815
     151      168      7.172
     169      180      9.634
      33       43     11.749
      94       99      6.358
      55      117      8.825
      12       19     10.249
     121      165     10.144
      36       56      8.159
      10       78     13.040
     111      121      9.323
      52      211      8.331
      81      228      4.963
      60      120     13.691
     118      191      7.369
      97      183      7.286
     121      193     12.564
      10       56      7.226
      40       60      8.940
     215      220      6.292
     162      168     11.760
     110      141      6.557
      45       64      7.575
      43      116     14.535
       8      193      9.296
      76      215      9.441
      43       49      8.954
      38      113      9.605
     114      123     10.323
     107      142      6.461
     118      193     10.572
      13       19      9.930
      39      145      9.695
     121      168     15.556
      56       81      8.026
       7       15      7.877
     165      191      9.862
      78      223      8.611
     112      143      5.515
      22       30      8.619
      82      166      5.646
       9      116      8.763
      35       40      5.987
     110      118      8.086
       5       10     14.165
      77      192      6.732
     170      182     12.448
     121      126      8.908
      10      117      9.391
     155      177      9.536
       8      116      8.173
     159      168     15.706
     111      165     10.865
      34       54      9.196
     134      141      9.957
      21      218      8.286
      17      226      9.715
     153      159      5.517
     117      168     14.777
     118      168     11.793
       6       81     17.377
      38       57      9.554
      22      209     10.257
      59      120     12.379
      83      191      7.932
      61       81     16.001
      44       55     11.654
      22      206     11.567
      21      222      9.167
     151      164      5.655
     168      194     18.357
      33       40      9.537
     148      168      8.132
     162      167     13.999
      78      193      6.122
     154      164      8.607
      58      192      6.271
      82      188     10.279
      56      147      9.948
      81       86     14.972
      57      120     10.135
     197      207      6.667
      36      115      6.245
       9      147      6.198
      38      118     11.520
      18      219      6.319
      11      223      9.314
       7      168     13.948
      91      160     11.698
     153      158      4.950
      42       60      9.102
      53      117     14.770
      56      118      7.391
      55       61      6.835
     121      191      7.328
      41       57     10.858
      11       54      7.939
      11      228      9.781
      38       55      8.632
      40       81     18.318
      81      167      8.102
      61       75      6.893
     117      122      8.599
      55       64     10.998
     150      168     10.350
     189      195     18.372
      10       55      9.121
      33       50      8.916
     178      183     16.495
      45       69      6.940
      38       60      7.135
      78      194      5.685
      25      209     12.260
      81      111     14.897
      11      193      9.608
      14      223      6.776
      38      149     14.589
      85      161      6.930
      84      182      4.774
     195      204     14.560
     111      191     13.936
      22      210      7.948
      14      226      6.661
      86      154      7.410
      86      164      6.872
      81      166      7.318
     163      183      9.990
     111      144      4.266
      19       30      6.205
     166      180      9.760
       8       81     11.717
     167      193     13.229
     210      227     21.037
     117      147      8.366
