      35       50     12.779
      78      165     15.257
      15       78     11.266
     111      153     10.521
      33       38     14.172
     166      183     11.568
      57       81      9.482
     144      150      5.372
      61      116     13.707
     116      150     10.329
       9      146      6.551
      50       55     12.918
      86      151      8.670
      19       34     13.658
      37      148     11.321
      11      117     11.938
      38      116      6.444
      35       42     10.837
     112      120      7.177
     154      159      4.841
      48      117     20.910
      35       49     14.601
      60      194      8.393
     147      153      9.629
       6      153     22.394
      23       29      5.367
     164      169      8.138
      15       22     10.087
     132      141      8.871
     149      161     12.746
      65       70      4.599
     121      148     14.471
      80      192      4.584
     111      193     16.396
      10      116      9.281
     150      165      9.442
      38      115      4.306
      18      213      9.693
      61       79     13.499
      33       41     12.787
      58      194      5.206
