       2      203      8.030
       4       33      7.689
       4       34     10.831
       4      200     12.207
       4      203      9.103
       4      204     11.345
      24      215     17.011
      24      218     11.826
      24      224     19.460
      34      146      9.848
      37       55      5.413
      37       57      7.536
      37       59      9.504
      37       60      7.182
      37       63     12.068
      37      146      8.284
      55       60      6.839
      57       62      9.125
      57       63     10.920
      57      189     10.561
      58      189     11.749
      59      189     12.822
      62      189     16.930
      65      199      8.945
      74      199      9.270
      74      204     10.734
      74      208      7.944
      74      215     12.063
      87      160      5.883
      87      179      5.295
      89      156     10.130
      89      160      7.605
      89      179      6.105
     133      139      9.872
     175      224     14.377
     199      204      8.320
     203      208      8.623
     204      215     17.067
     208      215     11.136
     215      224     11.857
     218      224      9.954
