      64       95     14.628
      44       65     15.461
      74       88      8.051
      33       38      7.831
      69       99     19.489
      13       21     11.957
      39       44      9.520
      82       87      8.536
      85      109     17.742
       9       14      8.125
      49       54     10.423
      22       27      9.470
      36       42     10.709
      67       88     13.607
      32      109      6.479
      25      109     12.598
      49       55      9.962
      88       98     15.871
      70       88     11.232
      88      100     19.025
      15       92     21.500
      46       61      8.676
      24       69     10.672
      95      101      9.047
      93       98      8.347
      83      100     25.749
      21       27      8.873
      23       28      9.135
      74       82     12.356
      33       46     13.788
      11       18     10.197
      61       68     10.434
      14       76      7.647
