      43       96     11.584
      29       64      8.892
      58       64      9.928
      32      108      8.024
      64       69      8.512
      44       95     16.471
     101      106      7.645
      49       56     13.690
      29       43     10.707
      14       25     11.694
      50       55      6.940
      50       58     10.308
      12       17      8.959
      75       85      6.081
      11       80     11.618
      44       99     11.811
      33       43      9.640
      49       58     12.702
      50       56     10.739
      11       16      8.884
      25       69      7.973
      46       55     10.122
      46       68     13.977
      15       21      9.720
      43       64      9.754
      14       73      7.552
      95      100      9.343
      67       92     11.492
      56       64     10.610
      32       37      8.175
      14       64     17.115
     102      107      8.692
      15       44     29.748
      18       77     12.519
      49       60     12.118
      14       93     21.589
      43       68     13.074
      58       65     10.866
      46       64      8.966
      44       98     15.512
      57       64     11.405
      28      109      9.477
      39       46     12.430
      40       45     10.135
      21       69      7.849
      69       76     10.405
      50       57     12.092
      99      106     12.026
      32       39      7.431
      11       21     14.619
      59       64      8.632
      79       85      7.336
      13       18      8.468
      88       95     11.099
      64      106     15.247
      91       97      9.947
      28      106     14.177
      12       18      9.844
      50       64     15.121
      33       40      5.003
      14       19      8.434
      86       91      8.830
      14       21      9.719
      44       69     20.089
      48       55      9.920
      28      110     10.931
      21       26      7.753
      10       15      8.475
      48       53     13.398
      48       56     13.402
      20       69     10.990
      60       65      8.604
      11       17     10.018
      15       24     12.397
      78       84      6.739
      43       49      8.557
      92      100     12.906
      22       62      7.198
      75       82      9.888
      28       39     12.664
      22       66      8.037
      46       57     13.549
      14       29     15.763
      27       35     12.333
      95      109     15.571
     101      107     10.763
      18       73      8.149
      64       72     12.575
     101      109     11.524
     100      106     11.398
      77       82     11.562
      65       70      8.729
      10       16      9.930
      25       65      5.042
      73       78      8.787
     100      105     10.151
      44       67     16.505
      71       88      7.966
      35      111     10.359
      79       93     18.065
      37       43     10.244
      14       72      8.373
      58       68     15.615
      56       68     14.816
      35      108      8.767
      71       89      9.284
