       7       16     14.400
       7       69     17.134
       7       80      8.564
       8       77     10.078
       8       80     10.748
       8      123     10.264
      16      118     10.892
      16      119      9.359
      27       34     10.451
      27       56      7.403
      34       52      8.251
      34       56     11.677
      37       52      8.803
      38      107     12.933
      42       67     15.388
      42       97     11.582
      42      102     10.769
      44       52      9.184
      48       60      9.516
      56       69     16.095
      56      118     21.025
      86      141     10.521
      90       97     10.378
      90      141      6.854
      97      102      6.655
      97      141      8.053
     102      111     14.450
     107      124     14.175
     111      118     11.657
     111      119     14.279
     111      124      8.862
     118      123      6.148
     118      124      6.201
