     249      283      5.111
      46       51      6.519
     230      285      8.999
      19       32      6.983
     221      226      6.319
     193      212      7.944
     311      316      5.297
     221      296      4.911
      71      103      6.901
     181      318      4.156
      35      215      6.149
     254      272      8.418
      21       30      6.763
      64       86      4.992
     100      143      6.911
     155      214      8.888
     265      306      7.529
      40       75     13.212
      20       27      6.279
      30       39      8.894
      33       38      8.869
     271      304      7.654
     151      313      7.080
     180      265     10.013
      86      104      7.245
     163      168     16.390
      28       42      8.835
      57       64     12.728
     271      305      7.847
     154      307      7.149
      33       39      9.322
     164      174      9.342
      91       96      4.212
      23       41      9.626
     257      266      4.188
      71       83      5.510
     218      286      5.317
      47       57     13.093
      54      119      5.906
     214      303      7.525
     303      308      7.524
      35       40     13.911
      35       75      9.432
     126      315     10.337
      33       75     11.330
      40       45     12.465
      30      120      5.125
      25       62      8.395
     154      166      5.049
      59       64      7.542
     185      192      5.237
      57       86     10.519
      19       24     16.424
     145      151      4.848
     286      301      6.011
     299      304      8.855
      85      101      6.530
      83       88     15.793
      31       36     10.857
     141      148      9.406
     222      296      6.868
     294      299     15.743
     301      307     12.652
      43      104      5.572
      34       39     11.350
      38       43     14.897
     170      309      7.504
     179      309      8.598
     127      142      7.125
      63       88      5.009
      22       27      4.114
      41       46     10.194
      28       33     14.996
      40       46     12.512
     212      319     10.961
      23       90      4.591
     219      301      5.644
     166      174     10.287
     247      273      8.959
      33      123      4.809
     295      300     16.286
     267      272      7.492
     211      216     10.335
     302      308     10.549
      32       37      9.952
      30       35     14.194
      71       81      8.339
     257      264      6.390
     216      297      7.566
     192      209      6.828
     170      175     10.185
      29       34     16.251
     191      249     33.011
     105      110     13.572
      32       38     10.041
      36       41     14.082
      35       41     16.758
     175      307      5.961
      34       40     13.919
      28       34     18.299
     303      310     12.443
      30       36     13.206
     293      299     15.174
     181      316      6.421
     111      116      9.921
      21       26      8.160
     299      306     11.327
     163      169     15.427
     229      272     10.844
     298      303      6.979
     255      266      6.962
      38      130      5.410
      32       42     14.692
      39       90     10.007
      66       84      8.032
     300      305      8.894
      84       89     16.594
     253      272      7.084
      31       38     11.043
     302      307     10.340
     120      125     15.551
      39       44     15.977
     252      260     25.799
     296      301     12.782
      51       56      6.777
     184      191      6.007
     215      300      7.547
     100      105     15.673
     308      319      4.918
      75       81      9.210
      44       58      5.445
     299      305     10.834
     111      117     11.525
     225      296     10.470
     260      265      7.120
     259      264      4.745
     233      285     10.207
     293      298     13.682
     120      299     18.451
      37       42     16.504
     162      168     19.689
     104      109     14.297
     292      299     16.427
      33       40     11.227
     254      260     19.654
     142      312      9.156
     103      108     12.187
      36       42     17.000
      64      104     11.558
      24      299     30.715
      29       35     17.943
     196      262      8.413
     217      300      4.976
     164      171      9.889
     151      156     17.620
      30       42      9.834
      57      104      7.265
     124      167     11.424
     307      312     16.415
      26       62     10.052
     265      271     13.172
     296      306     16.772
     260      298     12.548
      42      119      5.435
     148      153      9.626
     124      153      9.316
     301      306      9.932
      83       89     18.750
     164      169     11.973
      46       52     10.177
     294      300     19.422
      17       24     22.445
      32       39      8.949
     300      306      9.979
      40      105      6.646
     102      107     14.887
      88       93     16.560
     288      294     13.887
     291      299     14.673
     197      204      7.340
      42       51      7.012
     103      109     15.378
     297      302      9.166
     153      191     12.254
     148      168      4.916
     153      158     16.705
      40       81      8.470
      42      108      8.618
     219      302      5.995
     296      304     16.455
      31       77     15.237
      31       37     11.985
      24       88      5.982
      35       78     14.468
     167      175     16.223
      85       90     13.782
     295      301     16.578
     152      157     16.727
     108      113      6.517
     162      167     16.369
      35      213      4.732
      34       41     16.481
      32       40     10.781
      27       33     17.813
      40       73      9.574
     247      285      7.424
      20       29      4.434
      38       44     18.423
     290      296      6.441
      29       42     10.239
     175      320      5.851
      38      132      8.031
     263      268     15.435
     167      174     13.763
      46       56      9.261
     230      248     12.349
      38      131      6.785
     104      110     17.193
     211      217     13.089
     254      259     16.744
      83       90     18.326
     101      106     15.527
     296      308     16.710
      28      119      5.914
      89       98      4.677
     208      221      9.670
     191      312      9.906
     216      300      6.275
      81      109      6.080
     169      174     11.946
      38      129      8.335
      82       87     16.164
     274      286      5.079
      75       83     15.539
      17       40     15.819
     152      170      8.349
     273      285      5.323
      26       63     11.767
     269      274     10.191
     292      297     11.602
      85      132      7.919
     148      154     12.908
     288      293     12.881
     268      305      7.560
     144      168      9.279
     103      110     18.528
      81       86     15.860
     271      307     14.876
     252      296     24.236
      39      122      4.277
      19       28      8.284
     198      203      8.536
     156      174      7.296
     290      295      7.562
      29       36     17.056
     155      165      4.728
     296      305     16.685
     295      302     15.010
     153      310      5.364
     283      304     18.029
     298      304     10.326
     291      296      9.854
     299      311     18.051
     137      143      9.191
      82       88     18.167
      37       43     18.642
     185      209      9.701
     304      309     13.453
     266      271     10.304
      35       42     19.485
     102      109     18.716
     299      307     13.030
     220      225      9.667
     282      287     15.009
     181      309      8.585
     121      215      8.959
      19       42     14.892
      21       39     10.631
     249      258     24.898
     292      298     15.116
     311      318      7.775
      27       32     14.434
     253      258     16.571
     199      264      9.553
     102      110     21.608
     144      167      9.524
     249      254     13.605
      42       47     10.303
     307      320      5.571
     307      313     17.838
     150      155     14.854
      59      104      7.639
      40      120      5.454
     129      190      8.393
      77      118     16.486
     102      108     15.510
      73       78     10.068
      95      144      8.008
     268      273      9.733
     199      204      4.205
      39       45     15.910
     222      229     10.881
     166      171      7.388
     130      141     12.434
      32      155     10.280
     212      260     12.534
