       3      174     16.273
      14      158      8.247
      14      300      7.952
      14      304      9.748
      15       33     12.834
      15       77     13.390
      15      115     11.014
      15      300      8.310
      33       77     14.071
      33      115     15.858
      33      213      6.637
      33      300     10.644
      36       79     12.953
      45       65     13.234
      55      119      6.267
      64       88      6.689
      72       80      7.444
      72       82      4.098
      77      115     13.843
      77      213     13.578
      79      109      5.751
      80      109      5.319
     127      136      7.529
     127      142      7.125
     127      145     12.087
     127      146     14.475
     127      312     11.641
     128      136      7.236
     128      145     15.244
     128      187      8.908
     128      312     13.371
     136      145     17.334
     145      312      8.625
     146      312     10.370
     158      173     14.662
     158      174     11.152
     158      270     12.651
     158      304      5.022
     158      305      7.915
     166      171      7.388
     166      174     10.287
     174      304     11.757
     185      192      5.237
     187      192      8.708
     187      209     12.978
     192      209      6.828
     196      206      6.641
     196      259      5.404
     197      204      7.340
     197      259      5.355
     204      259     10.857
     206      222     11.572
     222      296      6.868
     223      289      5.362
     224      231     10.640
     224      296     12.004
     239      277      8.893
     239      279     10.448
     240      289     12.373
     240      291     13.884
     250      281     10.609
     270      304     10.948
     270      305     10.343
