     238      245      4.126
     156      307      5.202
     200      205      8.293
     100      106     18.750
     213      218      9.605
     182      260      6.813
     230      238      9.904
     263      306     11.759
     109      118     13.873
     226      287      6.687
     299      322     15.197
     230      236      6.236
     181      191     12.737
      71       77     18.593
     286      300      9.002
      88      102      6.717
      30       38     11.581
     296      302     11.290
      18       23     15.347
      30       37     13.373
     267      273     10.959
     305      310     15.774
     302      319     11.433
      23       28      7.517
     149      154     13.282
     168      299     22.430
      86      102      5.312
     295      304     20.105
     254      269      4.951
      38       71      8.740
      33       41     13.298
      38      100     11.040
     297      303     10.612
      35       76     10.074
     258      298     10.703
     256      272      8.571
     308      313     14.584
     208      296      7.645
     152      158     20.220
     226      249     18.343
     306      318      9.596
     142      151      8.624
      24      322     34.470
     315      320     17.419
     225      230      8.735
     101      109     21.518
     166      307     10.491
     170      179     10.243
      86       91     15.349
      28       41      8.118
      46       53     12.812
     265      302      8.782
     248      254     13.868
     272      305     10.461
     304      310     15.353
     108      118     12.701
     306      311     15.383
     212      298      4.922
     249      273      7.575
     198      204      5.537
     175      181     13.936
      97      103     14.526
      97      143      6.333
