       3       78      9.207
       3       79      7.380
       6       76     13.658
       6       79      9.660
      35       40     10.745
      35       59     12.436
      35       61      9.855
      35       93      8.534
      35       96      8.708
      35      131     10.002
      39       44     10.147
      39       61     15.611
      39       96     12.722
      39       98     10.930
      39      101     13.077
      39      114     20.039
      39      124     11.805
      39      126     11.296
      39      127      9.565
      39      131     11.451
      40       98     12.102
      40      107     15.148
      40      124     11.350
      40      127      9.435
      44      106     11.917
      44      107      8.166
      44      110     10.116
      44      114     11.079
      44      124      9.278
      44      127     11.834
      59       64      4.383
      59      126     10.764
      59      131      6.653
      61       95     19.057
      61       96     16.091
      61       98     20.226
      61      131      8.566
      64      126     14.409
      64      131     10.652
      70      115     13.938
      71      115     11.135
      76      109      9.017
      76      115     15.948
      77      106      7.273
      77      109      6.010
      78      106      8.328
      78      109      9.092
      95      101     10.670
      96      101     11.803
      96      131     18.273
      98      127     20.478
      98      131     19.793
     101      106     13.157
     101      107     11.330
     101      109     16.502
     101      110     16.396
     101      127     20.795
     109      114     10.140
     109      115     11.814
     110      115     11.037
     110      127     20.056
     114      124     11.804
     114      126     17.229
     114      127     16.401
     115      127     18.084
     126      131      8.796
