       4       14     16.252
       4       15     14.514
       4       11     10.863
       3       82      6.328
      56       65      7.963
      14       86     15.410
      15       86     12.636
      75       80      6.293
      40       47     13.450
      11       86     11.140
      36       41      8.572
      56       61     16.277
      26       32     12.423
       4       86      5.203
      40       45      9.473
      15       27      6.488
      49       55      9.567
      14       27      8.289
      20       28      4.204
      32       37      8.786
      32       40     14.990
      11       27     11.429
      40       49     15.679
       8       29     11.668
       7       83      5.971
      14       87     13.180
      15       87      9.965
       8       87      8.010
      27       36     12.936
      14       83     14.529
      30       40     19.291
      15       83     12.649
      11       87      9.981
      11       83      9.262
      55       60     13.847
      49       54      5.795
      41       47     10.178
       8       83      5.865
      56       68      7.045
      37       47     11.216
      31       41     17.695
      32       38     10.112
      38       47     14.723
      36       47     11.642
      44       49      8.791
      28       36     12.050
      30       47     16.662
      19       25     13.132
      65       71     17.455
      36       49     12.092
      35       45     12.158
      38       48     16.332
      16       21      5.326
      26       40     24.115
      56       64     10.369
      41       48     10.481
      58       63      8.320
      20       25     11.122
      37       45      8.893
      36       45      8.371
      75       83      9.956
      21       30      8.508
      15       79     17.557
      28       40     20.544
      26       35     16.895
      61       66     14.022
      38       45     11.635
      30       37     12.230
      40       54     18.961
      76       81      8.660
      56       62     15.728
      55       63     15.674
      33       88      6.158
      14       79     18.500
      14       90     15.816
      15       90     12.500
       4       82      4.316
      77       83     10.084
      64       71     20.854
      75       81      9.762
       8       14     10.459
       8       15      9.346
      75       82     10.347
      21       28      4.199
      16       22      7.895
      63       69     16.944
      39       44     10.147
      63       70     20.707
      32       41     15.005
