      29       37     11.578
      21       26      5.061
      64       69     14.804
      37       42      4.589
      77       82      8.476
      63       71     22.799
      78       83      8.660
      11       79     12.755
      45       53     10.564
      43       48      8.776
      32       42     11.319
      31       36      9.364
      16       32     13.602
      40       48     14.118
      32       44     15.330
      29       35      9.772
      27       35     13.223
      11       90     13.179
      38       44     11.754
      39       45      9.718
      18       30      7.227
      17       26     12.498
      56       67      6.240
      23       28      7.814
      32       45     13.246
      36       44     10.033
       7       15     12.901
      76       82      9.637
      19       26      9.923
      26       36     16.310
      76       83     10.642
      62       71     24.700
      28       33      8.600
      35       40     10.745
      10       23     19.023
      49       64     17.719
      16       28      8.144
      31       40     17.276
      58       64      5.857
      45       80     12.883
      75       84     11.898
      19       28      5.519
      27       32      8.801
      76       84     12.328
      30       38     14.105
      54       62     18.540
      39       50     17.658
       7       14     13.483
      61       68     17.870
      40       51     18.932
      35       44     13.627
      33       40     13.078
      77       84     10.695
      40       46     11.663
      10       36     21.393
      25       36     19.261
      30       36     11.124
      79       84      8.464
      55       62     17.802
      57       62     12.385
      34       40     11.974
      64       70     18.549
      41       46      8.872
      53       58     13.547
      31       45     16.345
       4       85      6.930
