      36       71     10.513
      35       71      9.109
      32       71     10.538
      61       82      6.173
      24       36     15.209
      24       35     16.909
      24       32     10.943
      63       68      5.648
      60       85      5.417
      23       83      7.765
      27       84      7.404
      24       87      6.590
      36       87     15.485
      35       87     18.140
      32       87     13.234
      62       82      9.528
      65       78      8.210
      65       81      6.964
      28       36      9.564
      28       35     10.869
      58       82      8.739
      23       80      8.120
      24       84      4.931
      24       71     19.101
      76       81      5.087
      28       88      9.482
      32       67     12.247
      36       67     13.766
      35       67     13.001
      36       45      5.264
      35       45      5.124
      65       82      9.198
      32       45      9.952
      64       74      6.889
      60       88      7.739
      32       88     11.709
      36       88     12.814
      35       88     15.708
      36       46      6.109
      35       46      8.002
      69       74     13.637
      37       82     20.702
      67       73      3.824
      32       46     11.277
      32       37      7.731
      31       74     10.874
      36       84     14.022
      35       84     15.752
      32       84     10.207
      71       87     19.047
      47       85     14.906
      64       88     11.017
      56       63     10.725
      49       85     12.158
      67       74      7.222
      37       86     19.373
      47       60     13.271
      72       88     17.959
      64       84      8.601
      59       68     10.261
      64       81      6.483
      55       60      6.294
      64       85      7.746
      28       33      6.724
      71       76     12.210
      76       84      8.731
