      67       81     11.953
      36       72     13.017
      35       72     11.068
      28       45     14.219
      61       81      6.444
      32       72     11.343
      74       81      9.422
      45       72     11.679
      36       48      6.746
      35       48     10.181
      24       86      8.645
      74       84     13.345
      32       48      9.518
      53       63     15.141
      52       63     12.705
      61       67      9.453
      54       67     16.347
      55       63      9.975
      24       83      5.703
      37       67     17.459
