      23       80      8.120
      31       44     14.146
      31       77     11.511
      31       80     10.951
      31       91     17.739
      34       44      8.052
      39       49      7.292
      49       90      9.970
      49       91      6.499
      50       91      4.899
      50       92      4.279
      56       92     10.981
      57       62      8.679
      57       82      8.437
      57       90      8.413
      58       82      8.739
      58       90     12.235
      62       82      9.528
      77       82      7.674
      82       90     12.764
