     148      248      5.435
     162      177      7.688
     149      169      6.750
     151      159      7.071
     149      163      6.333
     210      221     25.384
     151      166      7.078
     163      249     14.562
     230      247      4.888
     149      166      3.930
     176      221     10.386
     172      221      6.497
     167      174      6.425
     162      167      6.691
     143      161      8.922
     229      248      5.303
     152      161      4.815
     150      163      5.471
     149      247      5.003
     227      232     16.084
     161      174      6.955
     242      247     16.339
     226      231     15.729
     143      150      6.892
     162      174      5.211
     158      181      4.523
     162      170      9.924
     154      163     15.521
     152      244      4.399
     235      242      5.521
     229      234     17.080
     149      170      8.694
     149      162      7.744
     234      242      5.698
     152      160      5.600
     151      245      5.148
     194      201     10.846
     230      245      6.750
     152      242      6.622
     211      216     15.094
     151      162      4.784
     230      235     16.488
     233      238     17.061
     148      165      5.935
     232      243      6.941
     151      170     11.008
     154      249     23.134
     167      173      5.540
     226      232     17.847
     164      174      8.296
     228      233     16.269
     216      225     10.118
     160      242      8.861
     154      242      4.796
     227      233     19.746
     144      164      5.351
     170      226      9.865
     216      226      8.463
     193      200     10.788
     153      245      8.357
     232      245      4.337
     225      230     14.289
     234      243      4.418
     167      177      9.384
     166      177     10.434
     182      187     10.915
     232      237     16.910
     159      166     11.854
     211      221     27.870
     172      185      9.825
     150      244      7.034
     147      165      6.557
     172      177      6.571
     151      163      6.637
     149      167      7.608
     143      163      5.840
     152      162      6.658
     194      211     17.800
     243      248     16.671
     190      213     15.969
     204      209     13.208
     231      236     17.144
     144      161     10.378
     149      165      4.312
     170      186      9.921
     235      240      8.510
     153      232     10.729
     196      201      8.554
     242      248     19.985
     237      242      8.214
     139      152      9.808
     207      212      7.915
     152      166     10.635
     171      176      9.623
     170      247     10.503
     200      205      7.826
     146      246      8.784
     172      223     11.792
     150      246      4.694
     148      229     10.008
     210      216     13.598
     229      235     20.012
     149      249      8.494
     213      227     13.037
     162      172      8.915
     152      230     12.954
     238      243     14.343
     234      239     12.397
     169      226      9.699
     149      161     10.753
     187      232     17.933
     148      162     10.982
