       2      103     12.361
      10       18     14.521
      10       33      5.073
      10       35      7.786
      10       36     11.191
      10      104     11.844
      12       18     10.007
      12       35      7.244
      12      104     13.914
      14       35     11.093
      17       35     13.691
      18      104     13.060
      34       57      9.766
      35       67     15.491
      36       57     12.312
      57       65      5.663
      57       67      8.135
      57       74     12.410
      63       74     12.038
      63       79      6.510
      65       74      7.614
      67       74      8.290
      74       89     16.356
      79       85     10.064
      79       89     16.662
      81       89     13.175
      81      104     15.778
