      44       53      4.463
      27       32     16.204
      20       44      8.303
       7       33      8.371
      10       33      5.073
      13       32      8.350
      45       54      8.255
      77       86      8.888
      42       55      4.589
       8       33      7.825
      23       28      7.140
      77       82      5.896
      79       84      8.930
       8       24     18.310
      26       49      8.058
      47       52      7.147
      17       53     10.144
      33       39      7.273
       8       30      7.427
      76       81     11.906
      77       83      5.647
       9       30     10.202
      70       75     12.766
      47       54     13.132
      23       46      9.229
       8       42     10.417
      78       83      8.030
       9       33      5.675
      20       27      9.378
      43       56      6.790
      42       53      6.051
      34       42      5.603
      26       47      4.705
      33       40      6.273
      54       71     16.953
      13       53      9.724
       8       19     10.069
      52       57     16.426
      28       46      5.425
      57       74     12.410
      52       72     18.398
       8       23     15.376
       8       28     13.974
      45       55     11.429
      77       84      9.317
      75       81     13.752
      28       33     17.265
      40       52     16.046
      16       30      7.616
      16       53     10.381
      13       35      7.648
      35       42      8.840
       8       40     13.379
      71       76     15.284
      76       82      9.288
      73       81     19.974
      24       47      9.271
      51       77     22.930
      40       47     22.406
      72       77     15.878
      10       35      7.786
      75       80     12.198
      57       68     11.379
      33       46     16.974
      40       58      7.428
       8       25     18.462
      40       45     16.431
      12       25     20.483
      52       81     19.090
      47       73     24.052
      54       74     13.244
      40       55      6.867
      20       32     11.911
      59       76      9.112
      35       40      8.555
      10       16      9.870
      47       72     22.459
      29       83     13.084
      29       34     15.026
      71       77     18.773
