      47       75     22.654
      40       57      5.004
      26       48      6.555
      31       84     10.433
      72       81     21.891
      37       42     10.372
      35       55     10.613
      17       23     10.327
      47       53     10.604
      45       51      5.271
      47       57     22.533
      58       81     13.007
      46       51      4.637
      51       57     18.646
      54       72     14.918
      54       70     14.421
      20       30      7.638
      47       55     16.729
      36       55     10.198
      40       54     10.407
      27       84     12.302
       9       40     11.235
      44       54      6.469
      68       78     16.974
      54       81     15.285
      54       77     14.801
      42       54      5.518
