      60       87      8.900
      40       72     20.003
      18       36     14.651
       8       13      8.767
      85       90      6.972
      53       72     10.798
      46       98      8.999
       7       13      9.829
      64       69      8.499
      36       55     13.480
      25       43     13.871
      47       65      6.525
      20       88     11.375
      75       88     14.123
       7       33     19.533
      20       28     14.194
      62       70      6.384
       7       18     16.142
       4       88     22.418
      53       67     16.588
      52       82     17.575
      74       88     13.450
      55       85     20.835
      20       86     16.691
      57       80     13.323
      88       99     15.730
       8       36     17.782
      77       88      9.016
      78       87      5.363
      71       80      4.398
       8       16     12.525
      37       57     16.305
      88       94      9.762
