      64       94      6.522
      57       70      9.903
      59       72      5.140
      69       80      6.155
      49       94      7.852
      63       68      4.491
      66       94      7.703
      40       48      6.704
      52       61      5.342
      85       93     11.095
      72       80      6.654
       3       58      7.196
      49       65      6.914
      34       80     22.406
      54       61      6.910
      64       98      8.715
      47       68     14.170
       7       53      9.439
      36       53     10.575
      54       68     13.203
      52       57     11.944
      69       83      9.049
       6       55      7.829
      37       42     15.900
      72       81      6.479
      55       82     18.756
      67       78     17.055
      65       94      7.729
      70       80      5.446
      69       90      8.582
      39       82     22.182
      45       98      7.625
      56       61     12.258
      57       63     16.608
      47       98      6.673
      37       53      8.067
      38       48     12.495
      13       81     17.319
      57       68     15.661
      71       83      9.875
      47       54     22.541
      47       57     27.148
       3       55      7.755
      62       87      8.278
      13       60      9.331
      13       88     10.054
      62       80      9.500
      67       91     11.278
      78       91     11.189
      59       64     16.365
      14       19      8.491
      37       49     14.232
      49       69     11.237
       7       55      8.523
      13       43     20.544
      68       98     14.653
      59       70      6.553
      77       86      6.918
      55       80     16.098
      63       78     14.786
      59       65     19.917
       9       73      8.361
      36       70     19.044
      82       88     15.314
      18       63     16.517
      63       94      9.462
      48       70     16.836
      38       52      4.877
      57       90     19.951
      50       98     12.516
      74       79      6.305
      58       81     12.030
      13       28     22.958
      38       55     12.234
      80       90      8.752
      54       80     13.641
      74       81      9.828
      70       78      9.128
      87       94     10.569
      33       55     19.978
      81       88     14.006
      43       48      6.086
      59       81      9.437
      70       81      5.902
      40       54     15.364
      14       37      9.192
      49       62      7.166
      21       55     23.471
       7       12      8.453
      77       92     14.806
      88       95     10.174
      46       63     14.391
      36       44     23.053
      37       59     14.069
      38       67     17.117
      20       92     11.102
      54       62     10.500
      20      100     17.431
      47       94     10.446
      56       62     16.012
      71       78      5.541
      13       18      8.526
