       3       55      7.755
       5       11      9.836
       5       72     12.042
       5       76     11.585
      11       18     10.541
      11       55     12.110
      18       23      8.396
      18       31     10.201
      18       33      8.569
      19       25     11.811
      22       29     10.882
      22       31      8.224
      22       33     10.059
      25      101     11.492
      27       44     10.791
      27      101      7.999
      28       44      7.195
      28      101      7.240
      29       44      6.154
      29      101     10.497
      31       44      8.791
      31       48      9.375
      33       48     10.956
      44      101     11.232
      47       65      6.525
      48       65      6.614
      72       77      8.126
      72       81      6.479
      74       81      9.828
      77       85      9.828
      77       89     10.971
      85       92     11.694
      92      104      5.818
