      29       52     16.189
      30       75      5.073
      29       75      8.141
      30       52     17.268
      13       32      7.927
      47       54     10.422
       4       10      9.668
       5       10      8.505
      48       54      9.907
      47       55     12.404
       4       30     17.668
      49       54      8.441
       4       29     16.231
       4       75     20.597
      67       74      9.674
      18       71      8.160
      52       75     19.086
      29       50     17.274
      47       53      9.754
      30       50     17.223
       5       12     10.238
      15       20      8.828
      49       57     11.988
      59       64     11.849
      21       26     10.581
       4       52      5.009
      48       58     15.620
      75       89     21.982
      51       56      8.511
       4        9      8.385
      32       54     16.216
      26       32      9.948
      26       47     25.559
      29       89     22.550
      30       89     22.303
      59       67     15.007
      16       24      9.808
      28       66     19.611
      10       35      7.435
      47       56     14.087
      49       56     10.256
      65       78     17.853
      11       18     10.291
      33       77      7.607
      50       75     17.698
      28       68     15.195
      55       60      9.257
      15       25      8.887
      25       51     21.607
      11       17     10.685
      19       28     15.893
       7       32      8.542
      19       66      9.841
      66       74     11.930
      35       58     21.578
      62       80     25.521
      35       74     14.936
      60       66     13.115
      71       89     18.951
      12       35     12.620
      26       74      9.674
      17       23      7.518
       6       31     13.508
      48       53      8.594
      25       67      8.597
      51       65     18.111
      65       70      8.665
      69       81     10.158
      35       65     22.734
      20       48     26.504
      10       73     16.858
      66       71      9.087
      62       74     20.372
      60       65      9.924
       9       70     19.486
      23       34     19.240
       6       35     10.408
      69       77     12.010
      51       66     20.374
      32       51     16.837
      27       60     19.912
      47       57     15.089
      23       81     23.075
      12       19     11.780
      58       67     14.276
      28       47     23.711
