      18       23      8.677
      18      180     12.151
      20      203      9.851
      20      232     13.012
      23      180     10.327
      23      203      5.363
      23      232     10.540
      24      104     14.953
      24      203      7.361
      24      232     10.060
      27      232      8.851
      34       60      6.671
      34       73     12.026
      34       77     11.925
      38       47     14.225
      38       50     19.165
      38       61     15.875
      38       73     19.118
      38       77     17.829
      38      159     16.750
      38      160     18.858
      38      209     10.962
      38      215     10.342
      40       47     10.737
      40       77     12.125
      40      215     12.664
      47       77     13.746
      47      216      8.598
      47      218      4.764
      47      219      8.566
      47      223     12.785
      50       77     15.506
      50       84      9.800
      50      218      6.380
      50      219      9.211
      50      223     11.871
      60       93      9.260
      60       94      9.720
      60       96     14.141
      61       93      9.381
      61       94     10.395
      61      111     14.456
      61      159     10.167
      61      160     12.052
      61      161     12.632
      61      206     17.471
      61      209     15.033
      69       76     10.326
      69       94     14.152
      69       96     13.859
      73      102     14.008
      76       84     12.449
      76       96     14.122
      76      102     10.247
      77       84     10.697
      77      102     13.366
      84      218     15.635
      93      111      9.724
      93      112      6.706
      93      117     13.037
      93      161     15.133
      94      111     12.596
      94      112      9.129
      94      117     13.101
      96      112     12.847
      96      117     12.562
     104      124      9.390
     111      117     13.341
     111      136     11.813
     111      159     14.351
     111      161     11.331
     112      117     10.731
     112      136     13.331
     112      143     13.889
     112      161     13.679
     116      135     15.373
     116      138     12.849
     116      142      8.381
     116      143      4.702
     117      142     12.189
     117      143      8.483
     124      146      9.638
     136      142      9.870
     136      143     10.374
     138      180     11.006
     141      146      7.503
     157      209      9.510
     159      206     13.359
     159      209     10.492
     160      209     13.531
     180      232     15.117
     192      226     12.577
     192      227      9.590
     203      232      7.657
     209      223     14.566
     216      223     10.789
     216      226     15.694
