     128      147      4.869
     151      186      5.081
     158      208      7.685
      57       92      6.511
     154      193      8.975
     102      125      9.224
      68       94     12.888
      93      109      7.517
     107      147      9.246
      72      100      9.847
      32       37      8.405
      79      104      9.651
     175      203     11.349
      49       87      7.639
      31       36      9.415
      61       92      9.202
      29       57      7.502
     119      146      9.845
     149      186      6.541
     108      118      8.822
      71       94     11.734
      61      159     10.167
      49       81      8.112
      52       57     14.381
     156      167     12.010
      59      107      9.299
     175      183      9.735
     109      159     12.913
     137      174      8.022
      82       89      6.267
     152      186      5.636
      75      101      8.379
     122      127      8.539
     112      149     14.179
     152      166      6.163
     110      132      8.906
      30       53      6.201
      57      109     13.568
      30       36     11.820
     184      204      4.827
      83      104     10.657
     141      181      7.402
      54       87      6.021
      61       93      9.381
      61      109     13.681
     109      186     12.839
      34       60      6.671
     132      149      8.429
     159      186     10.970
     157      209      9.510
     183      204      6.947
     129      145      6.397
      92      109      8.948
      71       92     12.828
      54      204      9.708
     153      171      9.478
     110      136      8.214
      49       82      7.331
     152      167      7.170
     194      205      6.928
     152      165      5.033
     110      129      7.732
      31       37     11.510
      30       35     14.563
      32       56      7.922
     159      188      9.966
     132      152      8.225
      46       84      9.060
      59      130     13.605
     128      151     13.470
     110      149     11.126
     150      170      7.451
     137      178     12.395
      60       71      7.772
      93      112      6.706
      57      112     16.128
     109      149      8.957
     204      209     16.375
     130      151      8.079
     140      145      5.548
     159      189     12.993
      50       85      7.059
     130      187     11.572
      90      105      4.452
     132      162      9.910
      93      186     16.292
     149      161     15.705
      57       93     10.351
      58       74      9.478
     104      126      6.181
      58       71     10.411
     154      171     13.098
      29       34     16.872
     112      186     17.853
     106      127      5.268
     150      174     10.310
      30       37     13.015
     153      167      4.169
      68      113     20.526
     107      112      9.573
      42       77      6.996
     130      136      8.485
     168      197      6.235
      49       85      6.291
      59      109     12.356
     132      140     10.976
      59      159     11.188
     152      162      7.214
     190      209      8.611
     171      185      8.057
     118      123      8.899
     137      145      9.492
     131      137      5.616
      72      101      8.810
     105      147     10.841
      91      103      6.786
     141      179      9.378
     150      166      8.960
      33       41      7.284
     149      158     15.835
     147      159     20.363
     137      144     11.111
      75       91      8.807
     149      184      5.016
      57      208      9.668
      30       48      7.514
      55       90      7.727
     141      178     12.904
     134      174      6.902
      72       97      8.108
      32       41      8.317
     175      200      8.370
      46       85      8.155
      93      159     14.257
     132      188     15.284
     151      159     11.535
     153      208     13.459
      79       89      6.018
      58       75      6.987
      57      149     12.171
      61      112     13.300
     174      204     14.921
     152      208     12.468
      32       45      7.798
     131      152      9.836
      68       96     13.379
     115      129      7.525
      31      208      5.089
      98      106      6.351
      57      107      8.035
     132      166      8.390
      60       74      9.528
     186      206      5.076
      68      100     13.979
      93      110     10.540
      45       78      7.006
     184      206      6.485
      95      106      6.563
     108      127      7.877
      34       65      6.513
      37       44      8.081
     113      121     10.938
     105      206     15.364
     150      183      7.087
     159      168     18.671
     108      129      5.072
     154      196     11.250
     151      166      6.413
     131      204     15.352
      93      149     13.501
     131      149      6.083
      33       60      4.518
     131      136      5.445
     152      187      4.218
     149      166     12.658
     134      177      9.646
     197      202      5.844
     137      148      7.028
      42       81      7.849
      30       56      4.925
      41       60     10.983
     119      127      7.125
      89      104      5.328
     126      147      8.261
