     132      170      7.559
      39       44      6.968
     131      150      5.481
     201      206     14.290
     149      204      9.766
      75      103      9.880
     167      202     12.077
      29      184      8.116
      58       89      7.338
     156      209      9.273
     109      158     16.040
     138      177     10.597
      57      158     14.836
     131      140      7.826
      30      211      7.661
      32       59      5.465
     155      165      6.289
     100      114     19.210
     110      131      7.028
      79      101      8.478
      88      104      5.797
     137      152     14.410
      59       92      5.150
     189      197      8.888
      82       87      5.068
      59      132     19.325
     119      125      8.030
     167      197      8.432
      31      186      9.982
     182      203      6.264
      94      114     12.282
     154      188      4.797
      92      128      9.139
      29      147     12.151
     152      174     15.376
      59      188     16.366
     168      200      6.379
     200      205     11.656
      94      100     10.012
      66       74      8.340
     193      198     10.011
      41       74      8.670
     115      145      7.219
     166      174     13.102
     130      188     15.345
     152      183     13.117
     154      189      6.678
      45       56      8.377
      48       57     11.863
      54       88      7.713
     188      204     13.841
     156      186      9.513
     152      164      6.951
     110      140      9.631
     154      197     10.330
     128      182      9.506
     132      187     11.824
     190      210      5.567
      59      186     13.908
     162      183     18.332
      79      102      9.543
     129      144      9.616
      66       71      4.911
      52       59     19.147
     152      161     10.824
     153      185      6.758
     175      202      8.925
      72      117     23.524
     132      151      6.346
     132      150      5.992
      34       41      5.229
      41       58     10.953
     162      170     15.452
      90      126      7.931
     130      159     13.276
     168      193     11.224
     162      208     14.475
     132      161     13.125
      99      121      8.678
     151      156     10.137
      60      132     21.903
     130      156     15.639
     107      152     15.854
     149      159     14.218
      78       89      8.214
      61      110     16.260
      31      206      6.933
     132      165      9.580
     159      184     16.866
     116      143      4.702
      97      105     10.532
     159      209     10.492
      29      109     16.500
     131      166     11.516
      92      107      4.729
      69       96     13.859
     105      201     23.053
