      14       38      5.681
      30       51      6.320
      30       55      8.391
      20       44      6.054
       5       30      9.895
      43       51      7.781
       5       51      8.727
      30       43      9.756
      45       51      5.594
      43       55      8.499
      24       31      6.629
       5       55      5.672
      30       45      9.334
       5       43      5.283
      45       55     10.305
      35       40      7.795
      12       37      7.478
      12       40      7.079
       9       22      6.130
      13       36      6.358
      20       46      5.380
      23       30      4.285
       5       45     10.568
       5       12     16.891
      12       33     11.509
      33       44      8.729
      22       31      5.552
      14       30     22.657
      21       30      6.115
       7       42      8.608
      23       55      6.382
      13       39      7.967
       5       14     21.998
      38       51     18.877
      33       41     12.768
      30       37     19.274
      35       43     11.145
      12       30     18.917
      21       48      6.126
      23       51      6.441
      17       34      5.697
      33       40     12.120
      33       43     10.731
       5       23      5.816
      17       36      5.473
      33       45      9.990
      37       51     17.851
      19       32      6.464
      24       30      5.806
      14       51     22.259
      33       51     12.443
      15       36      5.019
