     142      147     11.646
      69       75     11.778
      63      107     30.751
      50       70     20.170
     211      220      4.249
     150      156      8.466
     111      151     15.062
      46       54     24.397
     136      205     26.488
      63       94     16.138
     165      174     11.354
       9       67      9.133
     109      151     16.883
     147      153     16.378
     133      170     20.451
      54      211     13.845
     198      207     12.533
      80       86     13.991
      64       69     12.448
      72      146      9.530
     161      166      8.813
      80       88     10.485
     188      207     22.354
      30       40     11.770
     176      207     11.816
     203      208     14.820
       8       13      8.169
      47       55     19.364
     133      190     28.288
     118      157     27.152
     199      205     10.828
      64      108     33.702
      99      107     25.065
      28       47      5.476
      19      191     39.302
     122      176     23.935
     193      199      9.862
     219      225     20.002
     100      119     14.011
      13       22     10.545
     145      153     23.427
     181      189      7.400
     116      160     27.805
      83      175     16.126
      50       59      9.728
     218      225     23.219
      15       50      8.167
      30      120      7.117
      61       68     10.087
      92      124      6.836
      16       22      6.291
     144      152     22.189
     173      207      9.423
      65       73     20.193
      36       41     14.622
     180      186      9.917
      68       97     22.420
     121      127     14.288
      82       87      7.669
     157      169     17.804
     143      174     12.973
     190      223     16.532
     165      175     14.595
     177      213     12.350
     124      146     14.061
     166      174     12.903
      74       81     20.689
     185      217     13.129
      77      129     15.460
      74       97      7.244
      14       22      7.083
      40      176     27.592
     214      219      9.734
      71       76      8.328
      32       40      9.858
     154      160     11.855
     199      207     13.767
      15       22      6.998
     125      142     11.717
     140      216     32.747
     129      182     20.181
      53      186     27.637
     181      186      8.161
     110      160     21.083
     203      210     19.372
      27      205     31.180
     167      186     33.201
     188      193      8.833
     107      112      8.673
     181      206     21.158
      50       63     12.241
     146      188     29.401
      27       98     14.745
      63      198     25.850
      33       40     10.147
     211      216      8.368
      95      140     18.832
     158      217     22.567
      61       87     11.556
     149      162     12.066
     172      178     19.564
     141      146     12.124
      42       50     11.076
     201      210     15.687
