      77       91      8.954
     117      124     10.276
      88      103      8.559
     160      174      7.483
      15       25      6.826
     132      155      8.140
     181      218      7.602
      93       99     10.003
      49       56     12.769
      95      101      8.032
     197      209      8.452
     149      160      7.143
     148      177      8.233
     165      203      9.218
     103      114     10.489
      61       66      5.490
       8       18     21.787
      13       19     16.351
      11       16     16.318
     183      196      9.267
      10       15     14.320
     138      148     16.892
      71      146      6.853
     193      209      8.711
      87       92      8.508
     147      164      7.283
      54       64     12.195
     174      224      4.988
     184      189      8.300
      11       18     22.712
     111      142     20.030
       9       15     13.815
      10       18     24.148
     207      225      6.897
     204      224      5.875
     129      136      7.136
     215      220     10.859
      79       86     13.055
     145      150     17.011
     100      125      7.593
      51       56      7.483
     185      190     11.824
     118      124      6.761
     103      124      6.883
      81       86     11.536
      10       16     17.396
     161      203      6.890
     217      222     15.292
      11       19     22.643
       6       18     17.953
      51       57     10.191
      34       40      9.020
     208      213     15.813
      82       88      5.938
       5       16      8.198
      47       52     15.574
     121      126     10.595
      15       41      8.669
     213      222     14.166
      14       20     10.349
      13       20     13.178
     111      177     20.493
     163      168      7.263
      48       56     16.070
      88       93      8.629
     120      125     10.997
      91      101      8.197
      48       54     17.781
      83      164     20.228
      73       96      5.763
      60      113     24.339
     183      189      9.467
      49       57     15.868
      47       54     20.894
     145      152     22.627
     206      211     14.714
      12       28     10.692
     219      224     16.271
     108      133     16.456
     178      196      8.707
      61      221      7.016
      59      148     13.195
     114      122     12.899
     151      156      6.319
      96      132     28.055
      79       85     12.818
      47       56     19.088
      29       34     12.952
     127      140      8.231
       8       14      9.219
      25       50      4.359
     197      222      8.107
      52       57      9.038
     144      172      7.443
       8       15     12.948
      29       40     12.136
      74       96      6.250
     100      142     10.104
      62       94     13.525
     129      139     11.939
     196      201      8.488
     164      180     21.366
     119      209     33.213
      18       23     11.438
     128      133     11.613
     144      150     16.937
     205      225      5.230
      55       60      8.410
     118      215     24.552
     174      225      6.081
     133      142     15.406
     190      204     19.805
     217      225     25.382
     107      117     16.246
     110      116     11.481
       9       14     10.218
      12       19     19.471
      25       41      9.269
      32       38     10.424
     170      175     14.938
      61      183     20.247
     108      113      8.659
      89      121      7.866
     174      204      8.621
       9       16     16.531
      37      120     17.224
     216      223     17.307
     201      209     11.995
       9       18     23.338
     115      124     10.545
     214      222     16.839
      48       53     15.400
      13       23      8.548
      35       40      9.945
     180      185      7.364
     117      135     27.025
     187      224     23.446
      32       47      8.185
      91       96      8.435
     158      199      8.099
      22       27     16.467
     218      223     16.803
      18       25     15.745
     159      169     16.142
     143      149     15.815
     166      173     13.382
      79       89     11.935
     119      136     23.976
     108      116     14.342
      22       64     11.497
      12       62      9.671
     149      217     17.656
     186      199     18.573
      80       85     12.693
     141      167      7.568
     148      182     17.408
     161      174      8.988
     218      224     19.441
      47       57     22.068
     153      159      9.038
      13       21     11.641
      25       44     14.995
      47       53     18.825
      82      103      5.126
     164      220     19.500
      31      200     38.591
      12       20     16.035
      12       18     19.760
     159      164      8.360
     125      133     18.312
     115      129     16.205
     144      153     22.640
      48      127     27.574
      70      173      6.527
      37       55     13.446
     151      157      9.525
     206      222      7.322
     185      194     14.651
       6       15      8.869
     122      139     18.897
      52       71     17.514
     174      207      9.721
     127      204     25.660
       8       16     14.953
     205      224      5.615
     186      191     10.284
      91      103     11.123
     135      166      6.982
     180      193      6.899
      83      107     10.298
     108      187     33.671
     175      223      4.549
      23      110     29.452
     144      168      5.169
     182      187     11.019
     133      213     31.130
     105      114     10.055
     148      153     14.606
     142      207     24.193
     195      202     11.369
      63       69     11.993
      46      116     22.017
      92      108     21.188
     142      194     31.318
     105      112     10.346
      88      124      8.274
      34      116     12.393
     103      118     10.471
     112      152     20.606
      25       37     15.623
     146      175      7.626
      45      115     27.399
     199      204      9.023
      54      213     10.204
      67      170     20.981
     165      204     10.679
     119      201     37.151
     107      118     16.221
      31       48      8.647
      52       59      6.405
     162      203      9.864
