       3       17      5.963
       3       18      9.428
       3       22     11.360
       3       44      9.955
       5       21     11.719
       5       27     11.230
       5       42     13.169
       5       72     16.868
       6       27     10.358
       6       67     15.476
       6       72     13.349
       6       75     18.725
       8       21     16.479
       8       27     14.427
       8       67      9.211
       8       72     11.351
       8       75     17.043
      27       42      9.931
      27       46      7.476
      27       47      5.957
      27       72     12.788
      27       75     16.211
      27       93      5.951
      38       47     10.931
      42       47      4.692
      46       93     12.506
      57       84      9.245
      57      150      8.601
      57      179     10.758
      57      182     15.587
      57      216      7.737
      57      217     11.084
      67       72     13.574
      67       75     18.134
      67      208      7.724
      72       98     10.521
      72      100     10.808
      72      143     16.139
      72      145      9.739
      72      169     15.366
      72      226     17.090
      75       98      7.591
      75      143     11.027
      75      145      6.057
      75      169     11.600
      75      226     15.670
      76      100      4.762
      76      143      8.207
      76      145      5.315
      76      169     10.327
      84      107     12.572
      84      150      7.701
      84      179     13.396
      84      217     16.294
      98      145     13.066
     100      143     11.290
     100      169     14.755
     105      113     11.334
     105      130      7.044
     105      150     10.566
     113      119     10.745
     130      136      7.752
     133      158     10.578
     133      162      7.954
     135      162      8.941
     135      165      9.855
     143      169      5.982
     143      226     12.764
     145      169      5.897
     150      179      8.864
     150      216     12.935
     158      187     19.026
     158      199      8.099
     158      202     10.867
     158      226     14.067
     162      199     12.291
     162      202     12.430
     165      199     14.583
     165      202     12.658
     169      226      7.500
     179      216      8.819
     179      217      8.239
     179      218      6.200
     180      187      8.534
     180      218      5.957
     182      217     12.206
     184      195     10.711
     184      199     14.661
     184      218     11.425
     187      195     10.531
     187      217     14.622
     187      218     11.423
     188      213     15.267
     188      218      9.231
     190      195      8.654
     190      197     10.435
     190      213     12.910
     190      218      8.351
     195      202     11.369
     197      202      8.865
     197      205      9.664
     197      208      9.811
     205      226      6.599
     213      218      7.191
