     119      125     16.399
     242      247      8.609
      66       72     10.069
      35       90      9.413
     173      214     32.571
     137      168     10.476
      33       42     15.531
      31       42     15.892
     215      220     16.004
      33       41     17.897
      40       79      8.348
      35       88     14.331
      74       84      7.863
      79       84     15.480
      79       89     19.224
      29       35     10.434
     218      223      8.731
      23       28      9.122
     191      196      8.513
      32      213     18.669
     146      240     11.197
      26      229      9.708
      82       87     10.280
      89      115     15.104
     183      219     15.674
      81      152     22.084
     239      245     10.859
     140      145      8.718
      27       32     15.699
     121      148      4.626
      25       83     15.280
     152      172     13.480
      94      124     10.829
     233      239      9.970
      82      220     19.065
     199      204     15.177
      73       81      9.436
     215      221     14.128
      74       80      7.983
      40       72     14.934
     148      169     11.962
     228      240     17.467
     123      153     12.205
      46       51     15.984
     192      197      9.320
