       3        9     10.553
       3       78      8.700
       3      216     13.337
      24       87      4.715
      24      235      9.206
      24      237      9.700
      27       89      4.641
      27      235      9.810
      27      242     13.566
      32       94      5.310
      32      125      6.851
      36       56      9.816
      36       60      4.913
      36       94     10.903
      36      212      8.556
      49       54      7.074
      49       94      4.487
      54       60      9.555
      54       94      8.538
      56       94      8.276
      94      106      8.331
      99      106     14.216
     101      106      9.859
     101      128     10.551
     101      130     14.843
     101      221     13.552
     103      128     10.363
     103      130     12.491
     103      132     10.365
     105      132      9.732
     112      141      6.918
     125      221      4.341
     128      156     10.227
     128      166      5.299
     130      164     11.125
     144      242     10.223
     156      164      9.192
     156      166      8.999
     166      221     11.900
     197      251      7.016
     235      240      7.752
     235      242      8.445
     251      256      9.585
     251      265      5.317
     256      265      6.030
