      65      216     12.926
     173      181     26.260
     253      258     14.696
      66      121     16.689
      32       62      9.583
      62      215     12.705
      66      219     14.482
     214      219     16.303
     252      257     13.100
      72       81     10.836
     254      259     12.972
      69      220     13.974
     173      196     11.691
      28       70     11.877
     252      258     14.535
      94      100     10.481
      62      153     20.715
     213      219     19.409
     172      193     13.201
     121      218     22.333
      32       38     14.729
     211      216     14.011
     123      219     14.144
      34       40     15.796
     203      209     16.289
      34       39     12.247
      91      115     12.607
      32      215     17.039
      32       40     19.545
     173      183     29.691
     183      197     19.523
      32       39     16.284
      35       40     12.044
     235      243      8.813
     122      149      4.891
     255      260     11.467
     181      197     17.055
     253      259     15.713
      68      201     12.342
      91      108     15.954
     153      215     21.993
     146      169     17.214
      62       67      9.802
      30       70     10.244
      38       68     13.551
     146      225     18.246
      23       83      9.941
     152      214     21.618
      94       99     12.134
      35       41     11.646
      30       35      8.063
     158      189      7.685
      29      112     11.355
     163      170     11.789
      83      226      8.184
     254      260     11.696
      33       40     18.571
     173      197     10.963
      91      111     12.155
     148      221     16.393
      33       38     13.119
      65      201     16.949
      33       39     14.962
     113      145     10.507
     203      211     22.151
     235      240      7.752
      63       68      8.795
     153      214     24.374
     175      197      5.952
      93      124     10.032
     239      244     12.984
     195      220     14.655
     172      184     25.392
      82      223     14.979
      32      153     15.106
      62       68     11.632
      31       40     20.545
     194      221     18.523
      31       39     17.633
     140      147      9.390
      72       78     17.446
      89      117     12.240
      30       66      8.933
     124      149      7.219
      81      223     16.065
      31       36     13.251
      62      123     16.859
      24       85      7.847
     123      150      5.068
      27       89      4.641
      63       70     10.966
      65      211     13.295
      31       38     15.961
      63       69     10.093
      62       70     14.424
      29      117      9.743
     201      216     12.218
     149      168      9.259
      69      216     13.148
      62       69     12.923
      71       86      8.912
      32       41     18.233
     155      180     11.823
      34       41     15.427
     113      140     13.004
     252      259     14.633
     144      229     20.606
     213      223     20.204
      83       88      9.141
      30       40     17.638
     232      243     10.446
      72      202     13.089
     114      139     10.156
     110      139      9.986
     228      235     10.618
     105      124     14.005
     240      245      9.482
      71       81      8.547
      40       75      8.378
     109      140     12.658
     123      215     19.558
      64       69      8.606
      84       89     12.560
      68      202     10.935
      34       42     12.682
     169      174      5.349
      72       79     16.020
      30       39     15.143
     180      193     14.648
     138      167     12.413
      32       42     15.560
     122      147      6.494
      36       42      8.574
     121      222     15.912
      29       84     14.518
     213      218     17.098
     253      260     14.160
     148      218     23.626
      32       63      9.642
     153      219      9.483
     112      140      9.647
      67       88     15.248
     229      240     17.436
     119      222     20.408
      65       70      8.647
      38      208     10.093
     180      186      4.430
     237      242     12.360
     171      221     16.885
     163      171     15.427
      23       86      6.594
      83       89     12.129
      71       88     11.205
     196      216     24.576
      62       72     17.823
     215      223     15.160
     235      242      8.445
      64       70     10.138
      68       73      8.832
     208      216      8.768
      28       34     13.379
     235      241      6.665
     151      170      8.680
      78       84     15.988
     148      225     12.342
      35       42      8.946
     121      153     16.986
     158      163      3.779
      35       67      8.231
     118      229     16.564
      34       63      8.159
      65       72     10.796
      30       38     13.943
      29       34     10.372
     109      122     12.482
      31       93      4.721
      30       36     11.809
      27       87      9.713
      66      123     12.255
     154      185     16.022
     241      246      6.488
     252      260     12.443
      81       86      9.868
     243      248      8.614
     112      120     12.667
      44       49     13.825
      93      108     11.043
     150      217     18.833
     225      240     22.096
      36       41     10.462
      28      226     12.125
     119      146      7.694
     197      212     33.499
      63       71     12.867
     112      117      8.557
      67       90     12.914
      67       72      9.033
     157      189      3.981
     120      145      8.925
     119      124     13.164
      64       72     12.835
     217      223     10.416
     150      218     17.675
      75       80      8.281
      40       78     10.726
      31       41     19.012
      63       72     14.796
     171      192     13.514
     120      147      4.730
      66       71      8.930
      29       40     18.759
     168      173      8.859
     213      222     16.920
     120      125     16.372
      30       41     15.786
      29       89      8.358
     174      193     14.385
      62       71     16.260
     215      222     11.841
     148      153     15.661
      30       67     10.386
      73       79     13.409
     229      237     12.738
     120      140     14.106
     155      185     14.837
     192      244     21.220
     238      243     11.088
      31      108      9.857
     236      241      9.480
      30       42     12.604
     229      235      9.855
     217      222      7.212
